1028821,74058035,1
1028821,78931491,1
1028821,65092747,1
7558032,17339432,1
7558032,34772668,1
7561822,34772718,1
8724742,31593714,2
9547922,18403880,1
11087222,31593714,2
11509722,31593714,1
11797042,36648032,1
12747732,31593714,1
14155699,16661678,2
14212462,17339432,1
14212462,31593714,22
14212462,41665745,2
14212462,78931491,12
14212462,4471023,8
14337243,79705984,1
14361225,4471023,3
14495000,42639163,1
15014474,64389555,1
15036309,79705984,1
15197279,36648032,1
15197279,79705984,1
15367216,57523310,1
15518806,41665745,1
15887053,16661678,2
15887053,64389555,2
16086887,13161690,1
16259251,31593714,1
16610557,31593714,2
16810564,79705984,1
17036458,79705984,1
17036458,8928589,1
19767310,23380270,1
19842907,17339432,1
19943644,64389555,3
19943644,16284466,3
19943644,23380270,2
19943644,57523310,2
19943644,36648032,2
19943644,13161690,1
19943644,18403880,2
19943644,34772718,3
20002322,42639163,1
20427097,65092747,2
20651285,17339432,1
20651285,64775279,2
20651285,68987028,1
20651285,57523310,3
20944041,65092747,1
20944041,68987028,2
20944041,8928589,2
21152496,64775279,1
21285312,17339432,7
21285312,13161690,1
21285312,57523310,1
21347827,17339432,1
21804564,8928589,2
21854917,13161690,1
21968787,57523310,1
22058208,4471023,1
22148383,7515915,1
22148383,31593714,4
22148383,4471023,2
22163855,57523310,1
22197460,79705984,1
22201850,34772718,1
22517478,50749199,1
22675397,77995928,1
22745056,77995928,2
22745056,64775279,2
22745056,65169278,1
22772048,78931491,1
22864702,17339432,1
22918335,42639163,1
23041745,31593714,2
23221963,31593714,1
23340215,50749199,1
23522219,79705984,1
23552339,79705984,1
23581598,34772718,1
26264757,41665745,1
26282857,57523310,1
26282857,13161690,1
26351692,31593714,3
26357083,79705984,1
26357083,13161690,1
26357083,57523310,1
26409806,77995928,1
26599366,77995928,1
26919625,42639163,1
26919625,4471023,1
27202593,65169278,1
27271029,17339432,1
27317580,83433136,1
27380131,77995928,1
27465903,31593714,1
27573752,77995928,1
27584673,64389555,1
27787154,1692897,1
27812047,4471023,5
27823498,13161690,2
27832894,17339432,1
27832894,64775279,1
27966681,31593714,1
28117176,50749199,1
28129148,77995928,3
28274896,42639163,3
28274896,36648032,6
28274896,17339432,3
28302416,64775279,1
28324031,41665745,1
28499223,31593714,1
28818851,16284466,1
28999558,4471023,1
29047670,13161690,1
29222384,65169278,1
29289737,31593714,2
29313110,34772718,1
1028821,74058035,1
1028821,78931491,1
1028821,65092747,1
1762961,50749199,1
2624671,17339432,1
2624671,31593714,5
2624671,4471023,1
5464142,17339432,2
5464142,34772668,2
6066542,42639163,5
8391172,41665745,1
8391172,64389555,1
9547922,18403880,1
14155699,16661678,2
14361225,4471023,3
14449482,18403880,2
14495000,42639163,1
14562508,50749199,2
14562508,42639163,2
14562508,65092747,1
14926874,42639163,1
15634629,13161690,1
15826450,16284466,2
15826450,41665745,2
16086887,13161690,1
16109077,64389555,2
16137841,17339432,1
16137841,64775279,1
16333198,34772718,1
16544870,17339432,1
16544870,77995928,1
17579128,18403880,1
17681427,79705984,1
17824686,50749199,1
17826933,77995928,1
17826933,4471023,1
17919961,23380270,1
17919961,1692897,1
17997566,64775279,5
17997566,63945955,2
18130043,77995928,1
18214226,41665745,2
18306088,34772668,1
18319661,68987028,2
18319661,64389555,2
21865320,16661678,2
21953631,78931491,4
21953631,79705984,1
21953631,4471023,2
22082398,17339432,1
22201850,34772718,1
22250303,64389555,2
22545638,8928589,1
22547027,64775279,1
22586145,23380270,1
22675397,77995928,1
22918335,42639163,1
23370218,16661678,1
23555538,68987028,2
23581598,34772718,1
23823102,41665745,4
23823102,34772668,1
23908986,4471023,1
23908986,64389555,2
23975724,16661678,1
24289442,34772718,6
24750427,4471023,1
24766201,64389555,1
24898150,17339432,1
25305111,17339432,1
25365450,17339432,7
25365450,13161690,4
25365450,34772668,1
25631451,7515915,1
25657001,41665745,2
25657001,64389555,2
25846121,57523310,2
25904938,34772718,2
25904938,79705984,5
28818851,16284466,1
28994845,17339432,1
28994845,16661678,1
29446573,23380270,1
29446573,68987028,2
29446573,13161690,2
29572572,7515915,1
29572572,34772668,3
29821039,13161690,2
29951758,13161690,1
29971681,68987028,2
30113970,41665745,1
30440615,42639163,1
30466379,23380270,1
30470909,83433136,2
30470909,68987028,2
30607620,57523310,1
30662494,34772668,1
30911602,13161690,1
31197367,41665745,1
31346187,16661678,1
31426789,13161690,1
31583139,78931491,1
31621225,64389555,1
31662459,4471023,1
32386368,34772668,1
32608364,64775279,1
32662140,41665745,3
32715708,34772668,1
32748054,64389555,2
32997107,41665745,1
33069732,77995928,1
33069732,34772668,1
33239125,77995928,1
33635539,17339432,1
33645114,63945955,2
33645114,8928589,2
33761196,68987028,1
1028821,74058035,1
1028821,78931491,1
1028821,65092747,1
2624671,17339432,1
2624671,31593714,5
2624671,4471023,1
6399652,34772718,1
7511322,34772718,2
9547922,17339432,1
9547922,18403880,1
12605932,57523310,3
14155699,16661678,2
14361225,4471023,3
14495000,42639163,1
14539649,16284466,1
14539649,64389555,1
15052516,16661678,2
15052516,34772668,3
15527956,34772718,1
15726796,34772718,1
15727349,34772718,1
15854748,16284466,2
15854748,79705984,1
15854748,65169278,3
15961854,34772718,1
16000632,50749199,2
16000632,77995928,2
16258706,34772718,1
16458704,41665745,1
16524832,13161690,1
17694405,34772718,2
17850462,16661678,1
18055168,34772718,1
18064282,79705984,1
20944041,65092747,1
20944041,68987028,2
20944041,8928589,2
20985556,34772668,1
20986194,16661678,1
21152496,64775279,1
21161745,18403880,2
21213065,83433136,1
21285312,17339432,7
21285312,13161690,1
21285312,57523310,1
21360611,34772718,1
21735948,57523310,1
21804564,8928589,2
21823306,57523310,2
21854917,13161690,1
21897419,17339432,1
21905254,31593714,2
21905254,64389555,2
21940042,34772718,1
21953631,78931491,2
21953631,4471023,2
21968787,79705984,2
21993326,41665745,1
22048072,64389555,2
22082398,17339432,1
22159978,8928589,2
22197337,34772668,1
22201850,34772718,1
22359455,17339432,1
22359597,77995928,1
22663407,7515915,1
22663407,23380270,2
22663407,13161690,12
22663407,36648032,3
22663407,1692897,2
22663407,81039484,3
22666057,34772668,1
22675397,77995928,1
22864702,17339432,1
22918335,42639163,1
22965590,17339432,3
23067049,34772718,1
23156354,17339432,1
23156354,79705984,1
23370218,16661678,1
23581598,34772718,1
23859625,18403880,2
23859625,63945955,2
23859625,16661678,6
26282857,57523310,1
26282857,13161690,1
26465780,68987028,4
26903216,34772718,1
27202593,65169278,1
27271029,17339432,1
27314043,18403880,1
27573752,77995928,1
27574484,34772718,2
27574484,13161690,2
27584673,64389555,1
27782924,68987028,1
27782924,64389555,1
27812047,4471023,3
28023310,83433136,1
28038312,34772718,1
28038312,79705984,1
28165505,13161690,1
28324031,41665745,1
28480338,65092747,2
28480338,68987028,2
28731358,34772718,6
28818851,16284466,1
28879086,34772718,1
28916764,83433136,1
28999558,4471023,1
29005432,34772718,1
29065890,34772718,2
29286236,34772718,4
29313110,17339432,1
29313110,34772718,1
29386732,65092747,2
29386732,7515915,2
29386732,68987028,2
29386732,34772718,4
29523135,42639163,1
29533288,4471023,3
29572572,7515915,1
29572572,34772668,3
29636986,34772718,1
29636986,17339432,1
3653331,57523310,1
3958021,42639163,1
5464142,17339432,2
5464142,34772668,2
8082642,17339432,1
8966092,74058035,1
8966092,13161690,1
9547922,17339432,1
9547922,18403880,1
9572632,83433136,1
13252042,41665745,2
13252042,4471023,2
14155699,16661678,2
14495000,42639163,1
14548007,4471023,1
14801750,64389555,1
14838878,34772718,1
15235389,4471023,1
15235389,34772668,1
15276877,77995928,1
15574021,31593714,1
16086887,13161690,1
16406476,79705984,1
16670152,4471023,2
16740381,31593714,2
16740381,8928589,2
16918087,4471023,1
17044755,4471023,1
17059364,4471023,1
17199060,31593714,3
17850462,16661678,1
17997566,64775279,6
17997566,63945955,2
18087912,79705984,1
18130043,77995928,1
18494014,4471023,1
21686142,17339432,2
21686142,13161690,2
21854917,13161690,1
22082398,17339432,1
22197460,79705984,1
22440298,65092747,2
22528760,16284466,2
22528760,68987028,2
22675397,77995928,1
22995310,65092747,1
23142001,77995928,1
23228903,7515915,2
23228903,23380270,4
23370218,16661678,1
23445949,17339432,1
23581598,34772718,1
23784641,4471023,1
23814140,23380270,1
24029660,4471023,1
24065600,79705984,1
24065600,4471023,1
24077544,68987028,2
24077544,13161690,2
24077809,42639163,1
24091499,1692897,1
24200890,64389555,1
24213167,77995928,1
24213167,64389555,1
24310357,83433136,1
24814052,34772668,1
24890204,78931491,2
24890204,65092747,3
24890204,4471023,1
24898150,17339432,1
25134625,50749199,1
25134625,64775279,1
25153462,13161690,1
25194737,4471023,1
25295701,23380270,1
25365450,17339432,7
25365450,13161690,4
25365450,34772668,1
28286941,34772668,1
28471512,4471023,1
28499386,77995928,1
28818851,16284466,1
28910695,1692897,1
28936132,79705984,1
28936132,17339432,4
28936132,7515915,1
28936132,65169278,2
28936132,57523310,2
28936132,13161690,4
28936132,83433136,1
28936132,16661678,1
29127225,17339432,1
29194831,17339432,3
29194831,4471023,1
29194831,42639163,1
29194831,34772668,2
29302350,17339432,1
29875661,4471023,1
29971681,74058035,2
29971681,68987028,4
30108558,4471023,2
30466315,50749199,1
30560038,17339432,1
30560038,23380270,1
30792600,64775279,1
31056459,68987028,1
31532416,34772718,1
9547922,17339432,1
9547922,18403880,1
14155699,16661678,2
14926874,42639163,1
15520160,34772668,2
16086887,13161690,1
16333198,34772718,1
16554091,17339432,2
16639030,17339432,2
16690346,50749199,1
16818325,79705984,1
16912935,50749199,1
17116038,50749199,1
17701096,34772668,1
18130043,77995928,1
18697471,13161690,1
22082398,17339432,1
22172027,50749199,1
22172027,31593714,1
22288977,83433136,1
22545638,8928589,1
22563793,57523310,2
22666057,34772668,1
22918335,42639163,1
23028482,50749199,2
23839394,64389555,1
24120992,34772718,1
24120992,36648032,1
24163382,42639163,1
24163382,34772668,1
24600356,50749199,1
24600356,57523310,1
24884457,16661678,1
24898150,17339432,1
25253264,50749199,1
25365450,17339432,7
25365450,13161690,4
25365450,34772668,1
25597648,78931491,2
25631451,7515915,1
25716533,79705984,1
25734547,64389555,1
25835505,17339432,1
25836783,34772718,1
25836783,57523310,1
25836783,17339432,1
25872441,50749199,2
25872441,17339432,1
25889787,50749199,1
29227388,16661678,1
29227388,64389555,2
29344146,50749199,2
29348786,50749199,1
29951758,13161690,1
29985448,17339432,1
29994459,31593714,1
30305739,17339432,1
30937590,17339432,1
31642419,34772668,1
32193149,50749199,2
32193149,17339432,1
32193149,31593714,2
32467833,50749199,3
32467833,77995928,2
32467833,64389555,2
33239125,77995928,1
33840855,74058035,1
33852153,42639163,1
33934223,50749199,1
34096812,7515915,1
34096812,13161690,1
1028821,74058035,1
1028821,78931491,1
1028821,65092747,1
7165782,34772668,2
9547922,17339432,1
9547922,18403880,1
14361225,4471023,3
14389258,17339432,1
14401175,34772668,2
14827045,50749199,2
15555401,16661678,1
15928954,17339432,2
15928954,65169278,2
16633032,23380270,1
16651909,64775279,1
16733640,17339432,1
16733640,34772668,1
16740381,31593714,2
16740381,8928589,2
17665904,79705984,1
17997566,64775279,6
17997566,63945955,2
18130043,77995928,1
18173350,74058035,1
18311313,42639163,1
18509313,57523310,1
18509313,16661678,1
18579972,63945955,1
18697471,13161690,1
22178779,79705984,1
22511660,13161690,1
22563795,79705984,1
22675397,77995928,1
22816611,4471023,2
22816611,34772668,2
22832291,34772668,1
23377139,34772668,1
23426816,17339432,1
23487715,68987028,2
23487715,34772668,2
23512019,42639163,1
23581598,34772718,1
23716675,17339432,1
23716675,64775279,2
23716675,36648032,1
23716675,57523310,2
23872515,31593714,1
23980016,50749199,1
23980016,13161690,1
24025307,34772668,1
24298676,34772668,1
24478399,78931491,1
24592744,34772668,1
24612940,34772668,1
24630068,57523310,1
24630068,34772668,2
24852153,34772668,1
25365450,17339432,7
25365450,13161690,4
25365450,34772668,1
25657341,34772668,1
25708810,34772668,1
25741472,34772668,1
25878374,34772668,1
29821039,13161690,2
29824355,23380270,1
30012100,16661678,1
30662494,34772668,1
30804331,31593714,1
30867378,68987028,1
31016558,34772668,1
31293312,34772668,1
31323947,34772668,1
31905336,31593714,1
32166235,34772668,1
32428202,34772668,2
32688236,77995928,1
32760484,17339432,1
32778013,57523310,1
33239125,77995928,1
33348646,34772668,1
33415515,34772718,1
33472272,83433136,1
33697128,77995928,1
33840855,74058035,1
33877909,31593714,1
34371186,68987028,1
1028821,74058035,1
1028821,78931491,1
1028821,65092747,1
1522551,17339432,2
5506962,42639163,1
9547922,17339432,1
9547922,18403880,1
12077442,68987028,1
13881722,18403880,4
14132796,42639163,1
14155699,16661678,2
14776669,77995928,3
14776669,79705984,1
14776669,16661678,2
14936942,64775279,1
14936942,79705984,1
14946446,77995928,1
15072577,77995928,1
15072577,16661678,1
15159511,68987028,1
15365807,8928589,1
16014909,83433136,1
16014909,13161690,1
16060771,41665745,1
16086887,13161690,1
16274685,50749199,1
16397391,1692897,2
17192540,8928589,5
17372416,13161690,1
17372416,57523310,1
17553306,17339432,3
17553306,23380270,2
17553306,34772668,1
20825434,16661678,2
20944041,65092747,1
20944041,68987028,2
20944041,8928589,2
21152496,64775279,1
21449429,13161690,1
21962122,34772718,1
21962122,78931491,3
21962122,1692897,3
22038482,13161690,1
22082398,17339432,1
22627306,31593714,1
22666057,34772668,1
22736376,16661678,1
22896119,8928589,1
23043240,57523310,1
23150789,13161690,1
23155288,41665745,1
23222104,36648032,2
23222104,34772668,2
23340215,50749199,1
23581598,34772718,1
23864236,78931491,1
24221270,13161690,1
24568640,64389555,1
27232738,64389555,1
27260183,41665745,1
27439893,13161690,1
27584673,64389555,1
27782924,68987028,1
27782924,64389555,1
27812047,4471023,3
27988367,17339432,1
28053905,64389555,2
28053905,17339432,2
28053905,13161690,3
28053905,57523310,3
28053905,50749199,2
28053905,1692897,1
28053905,16661678,3
28053905,81039484,2
28117176,50749199,1
28153732,23380270,2
28544284,8928589,2
28818851,16284466,1
28970203,8928589,1
29049720,57523310,1
29261668,8928589,1
29951758,13161690,1
29971681,68987028,1
30522468,23380270,2
1028821,74058035,1
1028821,78931491,1
1028821,65092747,1
2624671,17339432,1
2624671,31593714,5
2624671,4471023,1
9117052,16284466,3
9547922,17339432,1
9547922,18403880,1
12763942,64775279,1
13659082,57523310,1
14155699,16661678,2
14361225,4471023,3
14495000,42639163,1
15051600,57523310,1
15105912,17339432,2
15105912,16661678,1
15105912,42639163,2
15433684,64775279,1
15520435,16284466,2
15520435,36648032,5
15626839,16284466,1
15747556,16284466,2
15747556,77995928,2
15784393,17339432,2
15784393,23380270,2
15854748,16284466,2
15854748,79705984,1
15854748,65169278,3
16086887,13161690,1
16125736,34772668,1
16524832,13161690,1
16548659,77995928,1
16806391,31593714,1
16831168,16284466,1
16893245,79705984,1
16913587,16284466,3
16913587,77995928,2
17194588,16284466,1
17428419,7515915,1
20595944,17339432,1
20651285,17339432,1
20651285,64775279,3
20651285,23380270,1
20651285,57523310,2
20734258,16284466,9
20734258,68987028,5
20734258,41665745,3
20817790,17339432,3
20817790,57523310,2
20985556,34772668,1
21132585,16284466,1
21152496,64775279,1
21239977,16284466,2
21239977,79705984,1
21239977,57523310,1
21371953,23380270,1
21466469,17339432,1
21764537,16284466,1
21801433,16284466,2
21801433,68987028,2
21801433,65092747,1
21801433,79705984,1
21804564,8928589,2
21897419,17339432,1
21952587,79705984,1
21953631,78931491,2
21953631,63945955,1
21953631,4471023,2
21993326,41665745,1
22082398,17339432,1
22159978,8928589,2
22163855,17339432,1
22163855,64775279,1
22163855,16661678,2
22201850,34772718,1
22387335,17339432,2
22387335,57523310,2
22542862,42639163,1
22563793,57523310,2
22738355,57523310,1
22864702,17339432,1
22906493,50749199,1
22918335,42639163,1
23014444,16284466,1
23019897,17339432,3
23019897,79705984,4
23019897,13161690,2
23019897,16661678,2
23039886,16284466,1
23118937,16284466,2
23118937,68987028,2
23212225,18403880,1
23250269,16284466,1
23290056,13161690,1
23290056,57523310,2
23290056,34772668,2
23581598,34772718,1
23704140,34772718,2
23755164,13161690,1
23755164,4471023,1
23912016,64775279,1
23954822,16284466,1
23975724,16661678,1
24071591,34772718,2
24071591,8928589,2
24113465,8928589,1
24200890,64389555,1
24289442,34772718,6
24364263,17339432,1
24404342,65169278,1
24404342,4471023,1
26599366,77995928,1
26849792,57523310,1
26903807,16284466,1
27202593,65169278,1
27271029,17339432,1
27556420,16284466,1
27556420,65169278,1
27573752,77995928,1
27584673,64389555,1
27597562,34772668,1
27701493,23380270,1
27782924,68987028,1
27812047,4471023,3
27841586,50749199,1
27841586,79705984,1
27932097,42639163,1
27988367,17339432,1
28184095,79705984,1
28324031,41665745,1
28737026,34772718,1
28919001,64389555,1
28999558,4471023,1
29061174,16284466,1
29067636,16284466,1
29154165,57523310,1
29244731,50749199,2
29244731,17339432,1
29244731,31593714,2
29244731,57523310,1
29281289,77995928,2
29281289,57523310,2
29345711,16284466,1
29572572,7515915,1
29572572,34772668,3
29603662,16284466,1
29951758,13161690,1
29971681,68987028,1
30276184,16284466,2
30276184,74058035,5
30276184,68987028,2
30276184,13161690,2
30276184,57523310,1
1028821,74058035,1
1028821,78931491,1
1028821,65092747,1
4135671,65092747,1
7983932,68987028,1
8933592,17339432,1
8933592,41665745,2
8933592,57523310,3
9547922,17339432,1
9547922,18403880,1
10817932,17339432,1
10817932,65092747,3
10817932,4471023,2
11162452,68987028,1
11162452,81039484,1
11329312,65092747,5
14134009,34772718,1
14144524,79705984,1
14155699,16661678,2
14163303,64389555,1
14271461,36648032,2
14343959,17339432,6
14343959,34772668,2
14361225,4471023,3
14495000,42639163,1
14705858,57523310,1
14737733,65092747,2
14744544,65092747,1
14795489,65092747,2
14795489,16661678,1
14795489,57523310,4
14795489,64389555,3
14831321,42639163,1
14926874,42639163,1
15036014,77995928,2
15036014,4471023,2
15258863,65092747,4
15305074,13161690,1
15487304,57523310,2
15520435,16284466,2
15520435,36648032,5
15765477,78931491,1
15835136,65092747,2
15863256,65092747,1
15931649,41665745,2
15931649,65092747,6
15931649,34772668,2
15978244,57523310,1
16000632,50749199,2
16000632,77995928,2
16086887,13161690,1
16113243,65092747,3
16154929,57523310,1
16493818,77995928,1
16525436,65092747,1
16556154,17339432,2
16582149,65092747,1
16582149,57523310,1
16651909,64775279,1
16670232,65092747,1
16690346,50749199,1
16730012,65092747,2
19366590,77995928,1
19378737,65169278,1
19492232,65092747,3
19508161,79705984,1
19686381,68987028,1
19720718,65092747,2
19720718,68987028,2
19723086,77995928,1
19787126,17339432,1
19834114,17339432,1
19834114,13161690,1
19943644,64389555,3
19943644,16284466,3
19943644,23380270,2
19943644,57523310,2
19943644,36648032,2
19943644,13161690,1
19943644,18403880,2
19943644,34772718,3
19943644,64775279,1
20139555,23380270,2
20139555,57523310,2
20376060,4471023,1
20688271,17339432,1
20688271,68987028,2
20688271,57523310,1
20817790,17339432,3
20817790,57523310,2
20852886,65092747,1
20944041,65092747,1
20944041,68987028,2
20944041,8928589,2
20965624,64389555,4
21047443,68987028,2
21047443,65092747,2
21152496,64775279,1
21250134,65092747,6
21250134,34772668,2
21522890,13161690,2
21522890,57523310,1
21543199,42639163,1
21804564,8928589,2
21854917,13161690,1
21897419,17339432,1
21953631,63945955,1
22082398,17339432,1
22159978,8928589,2
22201850,34772718,1
22235222,17339432,1
22235222,57523310,3
22346119,64775279,2
22346119,68987028,2
22346119,57523310,1
22563793,57523310,2
22642032,65092747,1
22675397,77995928,1
25205340,77995928,1
25253426,34772718,2
25365450,17339432,7
25365450,13161690,4
25365450,34772668,1
25474312,41665745,1
25545014,57523310,1
25590606,17339432,1
25631451,7515915,1
25846121,57523310,2
25888777,65092747,1
26136955,65092747,1
26282857,57523310,1
26282857,13161690,1
26357083,79705984,1
26357083,13161690,1
26357083,57523310,1
26419614,16661678,1
26530052,34772718,1
26537950,17339432,1
26552329,13161690,1
26599366,77995928,1
26623474,17339432,1
26686723,16284466,2
26686723,65092747,4
26686723,57523310,3
26823465,17339432,1
27202593,65169278,1
27243681,17339432,3
27260183,41665745,1
27271029,17339432,1
27278561,34772718,1
27278561,13161690,1
27348979,79705984,1
27453994,79705984,1
27485906,65092747,1
27573752,77995928,1
27584673,64389555,1
27595246,65092747,1
27782924,68987028,1
27812047,4471023,3
27870608,13161690,2
27870608,57523310,4
27873674,77995928,1
3337301,13161690,2
5464142,17339432,2
5464142,34772668,2
8933592,17339432,1
8933592,41665745,2
8933592,57523310,3
9547922,17339432,1
9547922,18403880,1
11092362,50749199,2
11092362,68987028,2
14155699,16661678,2
14263493,68987028,1
14271469,68987028,1
14361225,4471023,3
14495000,42639163,1
14933962,17339432,2
14933962,68987028,1
14933962,13161690,4
15500179,68987028,1
15606203,78931491,1
15953060,68987028,1
16086887,13161690,1
16386071,17339432,7
16386071,23380270,4
16386071,64389555,1
16570759,57523310,2
16797461,68987028,1
17472356,68987028,1
18130043,77995928,1
18494014,4471023,1
18791080,64389555,1
19834114,17339432,1
19834114,13161690,1
23370218,16661678,1
23520068,68987028,1
23581598,34772718,1
23859625,18403880,2
23859625,63945955,2
23859625,16661678,6
23870989,68987028,2
24113179,77995928,1
24143561,79705984,1
24143561,68987028,1
24469840,23380270,1
24469840,68987028,4
24469840,34772668,1
24554935,77995928,1
24852934,18403880,1
24877945,18403880,2
24877945,65092747,3
24898150,17339432,1
24978259,4471023,1
25116656,68987028,1
25365450,17339432,7
25365450,13161690,4
25365450,34772668,1
25967858,34772668,1
25982998,50749199,5
25982998,42639163,1
25982998,17339432,4
25982998,83433136,4
25982998,18403880,4
26029132,68987028,4
26122129,68987028,1
26122129,13161690,4
26282857,57523310,1
26282857,13161690,1
26530052,34772718,1
26849792,57523310,2
26931060,31593714,1
27239034,57523310,1
27239034,8928589,1
27260183,41665745,1
27271029,17339432,1
27584673,64389555,1
27782924,68987028,1
27812047,4471023,3
31182204,57523310,1
31563715,68987028,1
32218443,57523310,1
32534362,42639163,1
32534362,23380270,6
32534362,17339432,3
32995676,68987028,1
33063842,17339432,4
33063842,13161690,2
33063842,4471023,1
33239125,77995928,1
33336403,83433136,2
33336403,23380270,1
33336403,16661678,5
33840855,74058035,1
34014669,36648032,1
34659604,79705984,1
34790265,57523310,1
34830144,79705984,2
34938484,7515915,2
34938484,1692897,2
35204693,68987028,1
35360112,77995928,1
35515093,64775279,1
35515093,41665745,1
35536079,23380270,1
1028821,74058035,1
1028821,78931491,1
1028821,65092747,1
1710791,13161690,1
8966092,74058035,1
8966092,13161690,1
9547922,18403880,1
11329312,16284466,2
11329312,68987028,2
11329312,65092747,2
12080132,17339432,2
12080132,34772668,2
14155699,16661678,2
14240475,13161690,1
14249064,17339432,1
14337243,79705984,1
14355443,17339432,1
14361225,4471023,3
14853440,13161690,2
14926874,42639163,1
15355624,13161690,1
15520160,34772668,2
15800922,74058035,1
16045338,79705984,1
16086887,13161690,1
16235071,13161690,1
16377997,13161690,3
16504586,13161690,1
16554091,17339432,1
16671526,57523310,5
16740381,31593714,2
16740381,8928589,2
17207897,4471023,1
17290078,57523310,3
17476133,77995928,1
17527346,83433136,1
17538967,68987028,1
17579128,18403880,1
17700091,57523310,1
17700091,16661678,1
17997566,64775279,5
17997566,63945955,2
18130043,77995928,1
18234162,64389555,1
18259323,64389555,1
18276384,18403880,1
18438998,13161690,1
18459617,17339432,6
18459617,13161690,4
18509313,57523310,1
18509313,16661678,1
22038482,13161690,1
22049112,77995928,1
22049112,78931491,2
22049112,1692897,9
22049112,13161690,1
22082398,17339432,1
22159978,8928589,2
22201850,34772718,1
22666057,34772668,1
22675397,77995928,1
22742891,77995928,2
22742891,79705984,1
22748713,57523310,1
22796862,83433136,1
23258715,81039484,1
23370218,16661678,1
23493945,17339432,1
23581598,34772718,1
23728570,13161690,1
23859625,18403880,2
23859625,63945955,2
23859625,16661678,6
24502802,42639163,1
24502802,65169278,2
24630068,34772668,1
24750427,4471023,1
25009243,17339432,4
25365450,17339432,7
25365450,13161690,4
25365450,34772668,1
25398578,57523310,1
25432501,57523310,1
25603862,17339432,1
25603862,83433136,1
25631451,7515915,1
25982998,50749199,4
25982998,42639163,1
25982998,17339432,4
25982998,83433136,4
25982998,18403880,4
26059349,83433136,1
26087708,16284466,4
26087708,77995928,4
26087708,13161690,4
26087708,16661678,4
26135371,77995928,3
26135371,16661678,7
26135371,4471023,2
26218981,57523310,1
26282857,57523310,1
26282857,13161690,1
29951758,13161690,1
29971681,68987028,2
31161814,34772668,3
31240854,57523310,1
31250225,34772718,1
31250225,57523310,2
31362635,17339432,2
31362635,13161690,1
31376973,16661678,1
31376973,17339432,1
31376973,57523310,1
31376973,13161690,1
31376973,4471023,1
31426789,13161690,1
31583139,78931491,1
31618799,13161690,2
31912707,13161690,2
32212253,16661678,2
32212253,13161690,2
32338868,81039484,2
32338868,13161690,2
32818367,23380270,1
32947709,41665745,1
32996188,79705984,2
32996188,65169278,1
33063842,17339432,4
33063842,13161690,2
33063842,4471023,1
33239125,77995928,1
33432573,57523310,1
33441988,65169278,1
33465763,42639163,1
33634526,17339432,4
33634526,65169278,2
33634526,13161690,6
33840855,74058035,1
33852153,42639163,1
33968908,42639163,1
34296908,8928589,1
34582173,57523310,1
34700401,17339432,2
34700401,57523310,2
34790265,57523310,1
34791033,36648032,1
34791033,64389555,1
34827741,13161690,2
34938484,7515915,2
34938484,1692897,2
9547922,18403880,1
12652472,16661678,3
12652472,34772668,2
14361225,4471023,3
14480133,34772668,1
14564908,34772668,1
14870384,64389555,2
15259001,57523310,1
16075117,57523310,1
16463654,17339432,4
16463654,23380270,2
16463654,16661678,1
16471171,17339432,2
16471171,57523310,2
17579692,77995928,1
17639748,34772668,1
17700091,57523310,1
17700091,16661678,1
17964708,77995928,1
17997566,64775279,5
17997566,63945955,2
18118602,34772718,2
18118602,64775279,1
18118602,65092747,2
18118602,41665745,1
18130043,77995928,1
18214226,41665745,2
18600944,79705984,1
18922382,79705984,1
19698165,65169278,1
19698165,57523310,1
20207265,17339432,1
20207265,57523310,2
20258594,79705984,1
20427097,65092747,2
20943574,57523310,2
25657341,34772668,1
25782719,42639163,1
25924644,79705984,2
25924644,57523310,3
27164214,17339432,1
27164214,57523310,1
27488164,57523310,1
27571326,18403880,1
27584673,64389555,1
27812047,4471023,5
27989183,34772668,1
28298907,57523310,4
28853472,17339432,1
29821039,13161690,2
30283317,57523310,2
30283317,34772668,1
30485763,17339432,1
30631948,57523310,1
30654459,64775279,1
30729527,31593714,2
30729527,65092747,2
31199899,16284466,1
36148616,17339432,2
36148616,4471023,2
36260734,42639163,1
36260734,64389555,1
36512573,77995928,1
36823174,57523310,2
36823174,81039484,2
36888700,57523310,1
37079701,79705984,1
37436666,57523310,1
38109221,17339432,2
38109221,57523310,4
38351600,17339432,2
38351600,13161690,2
38362044,57523310,1
38607569,79705984,1
38801801,79705984,1
38801801,57523310,1
39526310,17339432,2
39526310,23380270,2
39528162,17339432,1
39693288,74058035,1
39694813,42639163,1
39694813,57523310,4
39821604,4471023,1
39844755,17339432,1
39844755,57523310,1
40061919,79705984,1
40135546,68987028,4
40135546,78931491,1
40135546,79705984,1
40135546,64389555,2
40401674,17339432,1
40401674,1692897,2
40401674,4471023,2
40475883,41665745,1
40516650,17339432,1
40607519,17339432,2
40607519,64775279,2
40607519,13161690,2
40607519,34772668,2
41145162,68987028,1
41251970,42639163,1
41251970,57523310,1
41274723,57523310,1
41677388,17339432,3
41677388,23380270,2
41800485,17339432,1
41800485,77995928,1
1028821,74058035,1
1028821,78931491,1
1028821,65092747,1
6527632,77995928,2
6527632,64389555,2
8933592,17339432,1
8933592,41665745,2
8933592,57523310,3
9530502,41665745,1
9547922,18403880,1
14155699,16661678,2
14361225,4471023,3
14495000,42639163,1
14911191,50749199,2
14911191,7515915,2
14926874,42639163,1
15371673,63945955,2
15693198,34772718,1
15908013,42639163,1
15928954,17339432,2
15928954,65169278,2
16007663,34772668,2
16910412,83433136,1
17518926,31593714,1
17919961,23380270,1
17919961,1692897,1
18130043,77995928,1
18350243,1692897,1
18612159,63945955,1
18697471,7515915,1
18697471,13161690,1
18768682,63945955,1
22864702,17339432,1
23030548,68987028,1
23230280,63945955,2
23290056,13161690,1
23290056,57523310,2
23290056,34772668,2
23370218,16661678,1
23581598,34772718,1
23844256,31593714,1
23859625,18403880,2
23859625,63945955,2
23859625,16661678,6
24246231,41665745,1
24289442,34772718,6
24425899,83433136,1
24425899,57523310,1
24428582,64389555,1
24567751,50749199,1
24852046,8928589,1
24898150,17339432,1
25365450,17339432,7
25365450,13161690,4
25365450,34772668,1
25474312,41665745,1
25616586,79705984,1
25631451,7515915,1
25649026,63945955,1
25786045,1692897,1
25813772,16284466,3
25813772,63945955,3
25813772,57523310,3
25813772,64389555,1
25836783,34772718,1
25836783,16661678,1
25836783,57523310,1
25836783,17339432,1
25846121,57523310,2
25904938,34772718,2
25904938,79705984,5
25987097,17339432,2
25987097,65169278,1
25987097,57523310,2
26282857,57523310,1
26282857,13161690,1
26501487,17339432,4
26501487,13161690,2
26552329,13161690,1
26599366,77995928,1
26653514,63945955,2
29524841,17339432,1
29582233,17339432,1
29582233,31593714,1
29582233,16661678,3
29591774,34772668,2
29951758,13161690,1
29971681,68987028,2
30032579,42639163,1
30662025,17339432,2
30662025,57523310,2
30662494,34772668,1
30911602,13161690,1
30976177,77995928,1
31167680,17339432,1
31426789,13161690,1
31448502,64389555,1
31483761,63945955,3
31483761,31593714,3
31483761,65092747,4
31492395,63945955,1
32270629,36648032,1
32270629,63945955,1
32608364,64775279,1
32711074,7515915,1
32711074,79705984,1
32997107,41665745,1
33063842,17339432,4
33063842,13161690,2
33063842,4471023,1
33239125,77995928,1
33629299,42639163,1
33697615,64389555,1
33761196,68987028,1
33840855,74058035,1
33852153,42639163,1
33943586,57523310,1
1028821,74058035,1
1028821,78931491,1
1028821,65092747,1
9547922,18403880,1
11839362,79705984,1
14202971,77995928,1
14768674,64389555,1
14926874,42639163,1
14988035,77995928,1
15520160,34772668,2
16180499,77995928,2
16180499,23380270,2
16894464,83433136,1
17665774,16661678,1
18130043,77995928,1
18276384,18403880,1
18509396,77995928,1
18645835,42639163,1
18697471,7515915,1
18697471,13161690,1
19044108,17339432,1
19141232,65169278,4
19795469,77995928,1
20427097,65092747,2
20941331,77995928,1
21606660,57523310,1
26413693,77995928,2
26608202,50749199,1
26608202,16284466,1
26608202,31593714,2
26960574,17339432,1
26996815,34772718,1
26996815,57523310,1
26996815,4471023,1
27130688,77995928,1
27202593,65169278,1
27330653,77995928,2
27400267,17339432,2
27400267,13161690,2
27584673,64389555,1
27606656,34772718,1
27719675,77995928,2
27782924,68987028,1
27782924,64389555,1
27873674,77995928,1
27988367,17339432,1
28240828,31593714,2
28263274,17339432,1
28263274,64389555,1
28818851,16284466,1
29278588,50749199,2
29278588,16284466,2
29278588,77995928,5
29591774,34772668,2
29824515,77995928,1
29965844,77995928,1
29971681,68987028,2
30091872,16661678,1
30276184,16284466,2
30276184,74058035,5
30276184,68987028,2
30276184,13161690,2
30303452,79705984,1
30345734,77995928,1
30891470,41665745,1
36375450,50749199,11
36375450,31593714,2
36375450,74058035,2
36375450,78931491,4
36375450,8928589,2
36450379,77995928,1
36817503,64389555,1
37975051,77995928,3
37975051,1692897,2
38094799,17339432,1
38094799,13161690,1
38094799,57523310,1
38278546,17339432,1
38278546,68987028,2
38278546,83433136,2
38394275,79705984,1
38533265,42639163,1
38533265,64775279,1
38561873,17339432,2
38561873,64775279,2
38561873,13161690,1
38738377,77995928,1
39690633,77995928,1
39747731,34772718,1
39747731,16661678,2
39747731,42639163,2
40516650,17339432,1
40607519,17339432,2
40607519,64775279,2
40607519,13161690,2
40607519,34772668,2
40920863,77995928,2
40920863,64389555,3
40945760,17339432,2
40945760,13161690,3
41595586,34772718,1
41677388,17339432,3
41677388,23380270,2
41800485,36648032,1
42138671,77995928,2
42138671,34772668,1
42138671,64389555,4
718693,77995928,1
1028821,74058035,1
1028821,78931491,1
1028821,65092747,1
8933592,17339432,1
8933592,41665745,2
8933592,57523310,3
9337902,81039484,1
9547922,18403880,1
14155699,16661678,2
14361225,4471023,3
14561480,13161690,1
14700716,36648032,13
14700716,57523310,1
14700716,13161690,13
14826398,36648032,8
14826398,13161690,2
14826398,34772668,4
15616735,81039484,1
15634629,13161690,1
16086887,13161690,1
16544870,17339432,1
16544870,77995928,1
16835218,42639163,2
16835218,81039484,2
17172001,83433136,1
17172001,63945955,1
17644136,17339432,1
17826933,77995928,1
17826933,4471023,1
17847512,17339432,1
17847512,16661678,1
18082019,31593714,2
18130043,77995928,1
18206975,16284466,1
18206975,1692897,3
18206975,7515915,2
18300399,8928589,2
18300399,16661678,4
18787290,79705984,4
22456557,68987028,1
22675397,77995928,1
22719905,81039484,2
22825884,77995928,1
23228903,7515915,2
23228903,23380270,4
23290056,13161690,1
23290056,57523310,2
23290056,34772668,2
23485190,18403880,1
23485190,31593714,1
23555538,68987028,2
23859625,18403880,2
23859625,63945955,2
23859625,16661678,6
24289442,34772718,6
24591063,42639163,10
24591063,8928589,2
24852046,8928589,1
24894506,81039484,1
24898150,17339432,1
25253426,34772718,2
25347561,74058035,2
25347561,64389555,4
25365450,17339432,7
25365450,13161690,4
25365450,34772668,1
25374111,77995928,1
25597648,16661678,4
25597648,34772668,4
25631451,7515915,1
25782605,17339432,1
25782605,23380270,3
25836783,34772718,1
25836783,16661678,1
25836783,57523310,1
25836783,17339432,1
25846121,57523310,2
25904938,34772718,2
25904938,79705984,5
25959030,17339432,1
26501487,17339432,4
26501487,13161690,2
26600664,17339432,2
26600664,65092747,1
26600664,13161690,1
26844023,78931491,1
26960574,17339432,1
27202593,65169278,1
27260183,41665745,1
27271029,17339432,1
27315063,42639163,1
27573752,77995928,1
27584673,64389555,1
31448502,64389555,1
31763730,77995928,1
32294738,81039484,1
32608364,64775279,1
32654399,77995928,1
32777996,36648032,1
33063842,17339432,4
33063842,13161690,2
33063842,4471023,1
33150531,4471023,1
33239125,77995928,1
33802991,81039484,1
33835223,13161690,4
33835223,16661678,2
33840855,74058035,1
33852153,42639163,1
34096812,7515915,1
34096812,13161690,1
34276334,17339432,2
34276334,64389555,1
34276334,31593714,1
34276334,42639163,1
34556454,34772718,1
34648398,50749199,1
34648398,18403880,1
34648398,81039484,2
34790265,57523310,1
34833792,34772668,2
34938484,7515915,2
34938484,1692897,2
35110134,13161690,1
35162792,42639163,2
35204693,68987028,1
35404269,13161690,9
35404269,8928589,6
35404269,64389555,3
35819299,31593714,1
35987544,16284466,1
35987544,77995928,1
36050235,17339432,1
36050235,4471023,1
36187864,17339432,5
36187864,57523310,9
1028821,74058035,1
1028821,78931491,1
1028821,65092747,1
5464142,17339432,2
5464142,34772668,2
5566782,64389555,1
7436522,64389555,1
8169902,13161690,3
8169902,64389555,1
9547922,18403880,1
10179252,7515915,1
11540272,34772668,4
11839362,79705984,1
13881722,18403880,4
14071153,23380270,2
14087623,68987028,1
14155699,16661678,2
14356638,34772718,1
14361225,4471023,3
14435695,77995928,2
14435695,64389555,3
14475406,17339432,1
14475406,68987028,1
14621525,42639163,1
15069992,68987028,2
15069992,64389555,5
15774784,42639163,1
15928954,17339432,2
15928954,65169278,2
15979032,42639163,1
16254006,79705984,1
16254006,34772668,1
16319056,77995928,1
16383931,64389555,1
16645536,17339432,1
16645536,68987028,4
16645536,64389555,4
16931974,64389555,1
19684787,41665745,1
19684787,64389555,1
19787792,64775279,3
19787792,57523310,5
19787792,64389555,8
20070207,23380270,2
20427097,65092747,2
20513579,64389555,1
20941331,77995928,1
21056939,64775279,1
21056939,77995928,2
21056939,16661678,2
21272969,34772718,1
21272969,57523310,1
21683041,64389555,2
21727332,42639163,2
21880224,64389555,1
22038482,13161690,1
22082398,17339432,1
22097841,79705984,2
22106033,79705984,1
22201850,34772718,1
22484454,34772718,2
22484454,64389555,2
22604255,7515915,1
22631873,64389555,1
22675397,77995928,1
25838099,17339432,1
25846121,57523310,2
25858096,68987028,1
25910118,64389555,1
25988731,64389555,1
26006060,17339432,1
26059349,83433136,1
26085031,57523310,1
26133686,77995928,1
26133686,64389555,1
26174217,17339432,1
26202829,64389555,1
26282857,57523310,1
26282857,13161690,1
26315683,77995928,1
26315683,34772668,1
26348914,64389555,2
26530052,34772718,1
26623381,77995928,1
26757912,17339432,1
26838618,68987028,1
27072079,83433136,2
27072079,64389555,2
27741402,74058035,1
27782924,68987028,1
27782924,64389555,1
27812047,4471023,4
27922401,64389555,1
28021216,42639163,1
28021216,57523310,5
28053905,64389555,2
28053905,17339432,2
28053905,13161690,3
28053905,57523310,3
28053905,50749199,2
28053905,1692897,1
28053905,16661678,3
28053905,81039484,2
28185898,64389555,1
28279558,79705984,1
28446852,23380270,1
28446852,64389555,1
1028821,74058035,1
1028821,78931491,1
1028821,65092747,1
7081172,8928589,1
9547922,18403880,1
14155699,16661678,2
14361225,4471023,3
14495000,42639163,1
14926874,42639163,1
15288584,17339432,1
15288584,83433136,1
15373637,31593714,1
15666749,77995928,1
15928954,17339432,2
15928954,65169278,2
16086887,13161690,1
17055956,17339432,1
17658368,83433136,1
18082019,31593714,2
18130043,77995928,1
18276384,18403880,1
21854917,13161690,1
21970442,74058035,2
21970442,57523310,2
22049112,77995928,1
22049112,78931491,2
22049112,1692897,9
22049112,13161690,1
22082398,17339432,1
22159978,8928589,2
22201850,34772718,1
22634698,17339432,1
22634698,1692897,1
22662880,68987028,1
22666057,34772668,1
22675397,77995928,1
22864702,17339432,1
23061628,83433136,2
23370218,16661678,1
23581598,34772718,1
23859625,18403880,2
23859625,63945955,2
23859625,16661678,6
24429745,1692897,1
24750427,4471023,1
24895207,77995928,1
25365450,17339432,7
25365450,13161690,4
25365450,34772668,1
25369205,83433136,1
25597648,16661678,4
25597648,34772668,4
25631451,7515915,1
25652755,83433136,1
25787168,83433136,1
25787168,81039484,1
25925271,79705984,1
25982998,50749199,4
25982998,42639163,1
25982998,17339432,4
25982998,83433136,4
25982998,18403880,4
28920295,17339432,2
28920295,7515915,1
28999558,4471023,1
29591774,34772668,2
29951758,13161690,1
29971681,68987028,2
30071231,17339432,1
30071231,57523310,1
30077591,57523310,1
30460579,83433136,1
30473305,79705984,2
30473305,18403880,1
30473305,78931491,2
30473305,68987028,2
30473305,83433136,4
30473305,50749199,1
30473305,81039484,2
30662494,34772668,1
30806726,74058035,2
30806726,77995928,2
31177558,79705984,1
32256617,83433136,1
32388525,57523310,1
32534362,17339432,7
32534362,23380270,10
32860519,83433136,2
33063842,17339432,4
33063842,13161690,2
33063842,4471023,1
33239125,77995928,1
33349874,57523310,1
33395876,57523310,2
33432573,57523310,1
33496729,18403880,1
33762387,42639163,1
33840855,74058035,1
33852959,17339432,1
33968908,42639163,1
1028821,74058035,1
1028821,78931491,1
1028821,65092747,1
2624671,17339432,1
2624671,31593714,5
2624671,4471023,1
2660761,81039484,1
6400102,42639163,1
8389862,50749199,2
8389862,79705984,3
9520052,79705984,1
9547922,18403880,1
14155699,16661678,2
14170736,50749199,3
14170736,79705984,5
14170736,64389555,1
14539649,16284466,1
14539649,64389555,1
14561480,13161690,1
14577876,34772718,1
14694667,68987028,2
14694667,79705984,3
14857214,83433136,2
15434764,77995928,1
15520435,16284466,2
15520435,36648032,5
15634629,13161690,1
15701751,79705984,4
15701751,65092747,7
16544870,17339432,1
16544870,77995928,1
17240500,79705984,1
17490452,17339432,1
17490452,23380270,2
17490452,13161690,1
17681427,79705984,1
17700091,57523310,1
17700091,16661678,1
17826933,77995928,1
17826933,4471023,1
17945642,79705984,1
21804564,8928589,2
21897419,17339432,1
21934975,17339432,1
21953631,34772668,1
21970442,74058035,2
21970442,57523310,2
22015207,79705984,1
22082398,17339432,1
22086932,79705984,1
22346453,79705984,1
22359455,17339432,1
22825884,77995928,1
22918335,42639163,1
23005817,79705984,1
23273706,79705984,1
23290056,13161690,1
23290056,57523310,2
23290056,34772668,2
23840017,57523310,1
24288744,79705984,1
24289442,34772718,6
24347034,77995928,1
24347034,79705984,2
24428582,64389555,1
24437692,79705984,1
24486030,79705984,1
24852046,8928589,1
25080000,65092747,1
25264590,68987028,1
25365450,17339432,7
25365450,13161690,4
25365450,34772668,1
25597648,16661678,4
25597648,34772668,4
25631451,7515915,1
25660633,79705984,5
26245972,17339432,2
26357620,16661678,1
29400910,18403880,2
29400910,57523310,2
29572572,7515915,1
29572572,34772668,3
29592596,17339432,2
29592596,4471023,2
29616283,77995928,5
30326696,79705984,1
30514760,57523310,1
30572239,79705984,1
30575576,31593714,3
30911602,13161690,1
30931341,77995928,1
30965505,79705984,2
31339439,79705984,1
31412196,79705984,1
31448502,64389555,1
31461873,31593714,1
32401984,13161690,1
32443820,68987028,2
32479490,68987028,2
32479490,77995928,2
32479490,23380270,2
32479490,79705984,11
32479490,74058035,2
32571425,79705984,2
32608364,64775279,1
32911456,17339432,1
33150531,4471023,1
33239125,77995928,1
33475375,34772668,1
33549645,31593714,1
33852153,42639163,1
33941015,79705984,2
34032096,63945955,2
34086986,79705984,2
34096812,7515915,1
34096812,13161690,1
34141885,57523310,1
34199501,79705984,2
34199501,57523310,2
34223148,79705984,1
1028821,74058035,1
1028821,78931491,1
1028821,65092747,1
8933592,17339432,1
8933592,41665745,2
8933592,57523310,3
9547922,18403880,1
14155699,16661678,2
14361225,4471023,3
14840869,74058035,3
14964874,17339432,3
15308911,4471023,1
15669551,64389555,2
15720935,74058035,2
16910412,83433136,1
17700091,57523310,1
17700091,16661678,1
17919961,23380270,1
17919961,1692897,1
17997566,64775279,5
17997566,63945955,2
18130043,77995928,1
18235497,79705984,1
18235497,68987028,1
18262138,34772668,1
18350243,1692897,1
18537918,16284466,7
18537918,1692897,3
18537918,13161690,4
18600639,79705984,3
19013908,64775279,1
19013908,31593714,1
19141232,65169278,4
19148514,17339432,1
19272599,74058035,1
23212225,18403880,1
23370218,16661678,1
23552339,79705984,1
23581598,34772718,1
23859625,18403880,2
23859625,63945955,2
23859625,16661678,6
23975724,16661678,1
24037700,77995928,1
24289442,34772718,6
24852046,8928589,1
24895207,77995928,1
24898150,17339432,1
25230082,16284466,1
25253426,34772718,2
25365450,17339432,7
25365450,13161690,4
25365450,34772668,1
25617502,42639163,1
25621433,74058035,4
25771381,41665745,3
25836783,34772718,1
25836783,16661678,1
25836783,57523310,1
25836783,17339432,1
25846121,57523310,2
25904938,34772718,2
25904938,79705984,5
25959030,17339432,1
26278510,74058035,1
26282857,57523310,1
26282857,13161690,1
26357083,79705984,1
26357083,13161690,1
26357083,57523310,1
26422912,83433136,1
26530052,34772718,1
26692659,34772668,1
26749714,74058035,4
26794491,83433136,1
27117755,34772668,1
27202593,65169278,1
27251427,57523310,1
27278561,34772718,1
27278561,13161690,1
27347994,74058035,2
27573752,77995928,1
27584673,64389555,1
27782924,68987028,1
27782924,64389555,1
27812047,4471023,4
31448502,64389555,1
32168147,16661678,4
32608364,64775279,1
32764253,74058035,2
32997107,41665745,1
33102624,36648032,1
33239125,77995928,1
33840855,74058035,1
33852153,42639163,1
34096812,7515915,1
34096812,13161690,1
34120268,17339432,1
34120268,31593714,1
34420307,74058035,1
34449595,17339432,1
34664654,16661678,1
34790265,57523310,1
34806686,74058035,1
34833792,34772668,2
34938484,7515915,2
34938484,1692897,2
35198874,31593714,2
35198874,23380270,2
35204693,68987028,1
35264037,77995928,1
35265852,17339432,2
35265852,57523310,2
35487306,16661678,5
35838984,64775279,1
35851553,42639163,1
35912291,74058035,1
1028821,74058035,1
1028821,78931491,1
1028821,65092747,1
2624671,17339432,1
2624671,31593714,5
2624671,4471023,1
6186562,57523310,1
8933592,17339432,1
8933592,41665745,2
8933592,57523310,3
9325322,34772718,1
9547922,18403880,1
14155699,16661678,2
14230456,7515915,1
14259798,7515915,3
14361225,4471023,3
14495000,42639163,1
14561480,13161690,1
14825051,13161690,1
14926874,42639163,1
15012173,50749199,1
15012173,42639163,1
15012173,17339432,3
15634629,13161690,1
16018689,7515915,2
16018689,8928589,2
16024160,83433136,2
16024160,57523310,3
16086887,13161690,1
16159447,7515915,1
16159447,81039484,1
16544870,17339432,1
16544870,77995928,1
17069251,79705984,1
17280456,77995928,1
17826933,77995928,1
17826933,4471023,1
17997566,64775279,5
17997566,63945955,2
18130043,77995928,1
18350243,1692897,1
22082398,17339432,1
22159978,8928589,2
22201850,34772718,1
22359455,17339432,1
22411806,74058035,2
22411806,64775279,1
22675397,77995928,1
22706984,77995928,1
22906493,50749199,1
23370218,16661678,1
23392152,77995928,1
23581598,34772718,1
23827896,68987028,1
23855345,13161690,1
23859625,18403880,2
23859625,63945955,2
23859625,16661678,6
24073299,31593714,2
24073299,4471023,2
24289442,34772718,6
24684473,1692897,2
24806576,7515915,2
24852046,8928589,1
24852934,18403880,1
24895207,77995928,1
24898150,17339432,1
25253426,34772718,2
25264590,68987028,1
25474312,41665745,1
25597648,68987028,4
25597648,81039484,4
25631451,7515915,1
25747248,79705984,1
25846121,57523310,2
25888777,65092747,1
25904938,34772718,2
25904938,79705984,5
25959030,17339432,1
25982998,50749199,4
25982998,42639163,1
25982998,17339432,4
25982998,83433136,4
25982998,18403880,4
26282857,57523310,1
26282857,13161690,1
26357083,79705984,1
26357083,13161690,1
26357083,57523310,1
26399326,42639163,1
26501487,17339432,4
26501487,13161690,2
29100828,7515915,2
29244731,50749199,2
29244731,17339432,1
29244731,31593714,2
29244731,57523310,1
29446573,23380270,1
29446573,68987028,2
29446573,13161690,2
29457083,77995928,1
29572572,7515915,1
29572572,34772668,3
29822803,17339432,1
29927673,7515915,1
29951758,13161690,1
29971681,68987028,2
30662494,34772668,1
30776302,16661678,3
30776302,34772668,2
30911602,13161690,1
31448502,64389555,1
31977103,83433136,1
32168147,16661678,4
32534362,17339432,7
32534362,23380270,10
32608364,64775279,1
32711074,7515915,1
32711074,79705984,1
32717733,77995928,1
32997107,41665745,1
33063842,17339432,4
33063842,13161690,2
33063842,4471023,1
33069732,77995928,1
33069732,34772668,1
33239125,77995928,1
33648390,77995928,1
1028821,74058035,1
1028821,78931491,1
1028821,65092747,1
1133261,1692897,1
10664282,16661678,1
11329312,65092747,7
14160894,1692897,1
14761974,1692897,1
14872954,1692897,2
14987584,1692897,1
15124287,17339432,1
15295138,1692897,1
15448715,79705984,4
15693367,1692897,1
16159447,7515915,1
16159447,81039484,1
16173077,1692897,1
16858289,41665745,1
16975831,1692897,2
17455850,1692897,1
17787621,1692897,1
17888743,78931491,1
17964559,16284466,2
17964559,23380270,2
17964559,42639163,1
17997566,64775279,7
17997566,63945955,2
18130043,77995928,1
21854917,13161690,1
22022662,13161690,1
22029339,1692897,2
22029339,64389555,2
22082398,17339432,1
22123445,17339432,2
22201850,34772718,1
22208101,78931491,1
22652016,57523310,1
22666057,34772668,1
22762253,1692897,1
22825098,13161690,1
23019086,1692897,2
23019086,57523310,2
23117689,4471023,1
23133953,1692897,1
23237338,68987028,1
23370218,16661678,1
23531068,1692897,2
23560458,1692897,1
23566955,1692897,1
23581598,34772718,1
23590078,1692897,2
23629467,1692897,1
23780776,16661678,1
23829833,79705984,1
23829833,1692897,1
23977494,79705984,1
23995162,17339432,1
23995162,1692897,1
25795243,77995928,1
25898982,16284466,1
25898982,1692897,1
25898982,34772668,1
25905734,1692897,1
25912925,1692897,1
25934590,83433136,1
26229076,18403880,2
26229076,1692897,2
26462242,17339432,6
26462242,57523310,5
26578059,57523310,1
26679887,34772718,1
26849792,57523310,2
26883839,79705984,3
26883839,1692897,2
26883839,64389555,1
27054905,79705984,1
27054905,1692897,1
27584673,64389555,1
27603152,83433136,3
27645082,41665745,3
27645082,1692897,3
27645082,16661678,3
27645359,78931491,2
27645359,1692897,2
27706027,50749199,1
27772080,78931491,2
27772080,1692897,2
27782924,68987028,1
27812047,4471023,1
27904896,17339432,1
27904896,36648032,1
27904896,23380270,1
27988367,17339432,1
27999133,17339432,1
28366979,79705984,1
28385421,1692897,1
28395759,1692897,1
28451792,34772668,1
28481540,64389555,1
28818851,16284466,1
28843502,13161690,1
28899933,79705984,2
28899933,1692897,2
28916764,57523310,1
29093590,1692897,1
29311088,4471023,1
1028821,74058035,1
1028821,78931491,1
1028821,65092747,1
2624671,17339432,1
2624671,31593714,5
2624671,4471023,1
4425981,42639163,1
4425981,57523310,1
5867792,17339432,1
8933592,17339432,1
8933592,41665745,2
8933592,57523310,3
9547922,17339432,1
11998942,34772718,1
14155699,16661678,2
14361225,4471023,3
14495000,42639163,1
14746182,17339432,4
14857214,83433136,2
15978244,57523310,1
16086887,13161690,1
16110009,42639163,1
16125736,34772668,1
16293807,17339432,1
16293807,57523310,1
16380610,50749199,1
16980519,77995928,2
17172001,83433136,1
17172001,63945955,1
17181010,17339432,1
17223503,7515915,2
17223503,23380270,2
17246477,16661678,1
17280456,77995928,1
20480093,42639163,6
20480093,8928589,4
20517793,41665745,4
20651285,17339432,1
20651285,64775279,1
20651285,23380270,1
20651285,68987028,1
20651285,57523310,1
20817790,17339432,3
20817790,57523310,2
20833855,42639163,1
20882960,34772718,1
20985556,34772668,1
21026561,17339432,1
21026561,74058035,1
21152496,64775279,1
21245839,77995928,1
21252775,42639163,2
21492112,42639163,1
21804564,8928589,1
21835948,64775279,1
21897419,17339432,1
21953631,17339432,1
21994627,79705984,1
21994627,57523310,4
22037860,57523310,1
22082398,17339432,1
22159978,8928589,2
22201850,34772718,1
22231731,42639163,2
22563793,57523310,2
22657310,79705984,1
22657587,50749199,2
22657587,17339432,2
22666057,34772668,1
22675397,77995928,1
22720424,17339432,2
22720424,57523310,1
22720424,4471023,2
22734644,17339432,2
22734644,23380270,2
22815443,17339432,1
22864702,17339432,1
23127078,34772718,1
23281107,42639163,1
23290056,13161690,1
23290056,57523310,2
23290056,34772668,2
23370218,16661678,1
23370676,17339432,1
23370676,78931491,1
23380361,42639163,1
23581598,34772718,1
26282857,57523310,1
26282857,13161690,1
26409903,64389555,1
26427886,23380270,1
26427886,64389555,1
26434231,17339432,1
26501487,17339432,4
26501487,13161690,2
26530052,34772718,1
26599366,77995928,1
26955945,79705984,1
26955945,57523310,1
26960574,17339432,1
27013849,64775279,1
27103418,42639163,1
27107220,34772718,1
27200085,64775279,1
27202593,65169278,1
27260183,41665745,1
27271029,17339432,1
27278561,34772718,1
27278561,13161690,1
27486005,42639163,1
27573752,77995928,1
27584673,64389555,1
27597562,34772668,1
27782924,68987028,1
27787026,57523310,1
27812047,4471023,1
27924352,77995928,1
28021216,42639163,1
28021216,57523310,3
28245882,42639163,1
28324031,41665745,1
28916764,83433136,1
28916764,57523310,1
28992215,78931491,1
28999558,4471023,1
29154165,68987028,1
29239600,42639163,1
29244731,50749199,2
29244731,17339432,1
29244731,31593714,2
29244731,57523310,1
29304098,13161690,2
29304098,8928589,2
1028821,74058035,1
1028821,78931491,1
1028821,65092747,1
1566851,64775279,1
5608912,64775279,1
5608912,79705984,1
8448142,64775279,1
9010502,23380270,2
9547922,17339432,1
11240232,64775279,1
14155699,16661678,2
14361225,4471023,3
14495000,42639163,1
14550169,64775279,1
14857214,83433136,2
15091549,64775279,2
15978244,57523310,1
16045338,79705984,1
16086887,13161690,1
16137841,17339432,1
16578443,64775279,2
17396774,23380270,1
17919961,23380270,1
17919961,1692897,1
18005327,64775279,1
21351881,18403880,1
21466469,17339432,1
21591237,23380270,1
21591237,41665745,1
21591237,57523310,1
21774231,64775279,1
21776538,64775279,1
21804564,8928589,1
21854917,13161690,1
21953631,17339432,1
21993326,41665745,1
22082398,17339432,1
22159978,8928589,2
22201850,34772718,1
22319526,17339432,3
22563793,57523310,2
22666057,34772668,1
22853639,34772668,1
22906493,50749199,1
23236057,64775279,2
23236057,57523310,2
23290056,13161690,1
23290056,57523310,2
23290056,34772668,2
23370218,16661678,1
23426816,17339432,1
23581598,34772718,1
23589678,77995928,1
24016923,34772718,2
24061592,64775279,1
24209152,64775279,13
24209152,68987028,4
24209152,64389555,2
24258936,64775279,2
24289442,34772718,6
24852046,8928589,1
24898150,17339432,1
24915707,64775279,1
27271029,17339432,1
27278561,34772718,1
27278561,13161690,1
27573752,77995928,1
27584673,64389555,1
27782924,68987028,1
27796273,64775279,1
27812047,4471023,1
27880444,79705984,1
28274896,42639163,3
28274896,36648032,6
28274896,17339432,3
28290918,17339432,1
28324031,41665745,1
28352580,64775279,1
28733621,64775279,5
28818851,16284466,1
28837066,79705984,1
28961573,31593714,2
28999558,4471023,1
29392413,64775279,1
29435066,77995928,1
29457083,77995928,1
29879725,64775279,4
29879725,57523310,2
30027224,64775279,1
30098902,79705984,1
30505838,42639163,1
30505838,16661678,2
30505838,57523310,4
30528601,64775279,4
30921236,64775279,1
31034020,79705984,1
31161814,34772668,2
31392196,79705984,1
1028821,74058035,1
1028821,78931491,1
1028821,65092747,1
9547922,17339432,1
12322682,77995928,2
12322682,16661678,1
14117819,16661678,1
14155699,16661678,2
14360765,17339432,1
14361225,4471023,3
14372258,17339432,1
14427850,57523310,1
14926874,42639163,1
15091549,64775279,2
15235886,16661678,1
15569467,16661678,2
15644070,17339432,1
15746086,16661678,1
16062132,16661678,4
16417211,17339432,1
16423661,16661678,1
16425647,78931491,1
16425647,16661678,1
16716602,16661678,2
16716602,34772668,2
16733640,17339432,1
16733640,34772668,1
16877163,16661678,4
17025124,17339432,3
17025124,23380270,2
17025124,68987028,2
17025124,57523310,1
17060179,16661678,1
17349210,16661678,1
17617350,16661678,2
17624343,42639163,1
17700091,16661678,1
17919961,23380270,1
17919961,1692897,1
18005853,17339432,2
18005853,13161690,2
21372100,17339432,1
21542660,16661678,1
21854917,13161690,1
21926380,16661678,1
22049112,77995928,1
22049112,78931491,2
22049112,1692897,9
22049112,13161690,1
22082398,17339432,1
22159978,8928589,2
22201850,34772718,1
22666057,34772668,1
22675397,77995928,1
22884970,77995928,1
22884970,16661678,1
22905856,16661678,1
23030548,68987028,1
23117689,4471023,1
23138564,16661678,2
23370218,16661678,1
23380471,16661678,1
23581598,34772718,1
23657281,17339432,2
23657281,68987028,1
23657281,16661678,1
23657281,57523310,2
24590259,16661678,1
24590259,34772668,1
24801299,50749199,1
24801299,79705984,1
24852934,18403880,1
24898150,17339432,1
24905819,16661678,2
28053905,64389555,2
28053905,17339432,2
28053905,13161690,3
28053905,57523310,3
28053905,50749199,2
28053905,1692897,1
28053905,16661678,3
28053905,81039484,2
28290918,17339432,1
28299138,17339432,1
28700947,83433136,1
28700947,79705984,1
28818851,16284466,1
28920295,17339432,2
28920295,7515915,1
29316812,16661678,2
30091852,16661678,1
30201939,16661678,1
30522468,23380270,2
30662494,34772668,1
30913729,16661678,1
32286667,17339432,3
32286667,1692897,2
32286667,18403880,1
32534362,42639163,1
32534362,23380270,4
1028821,74058035,1
1028821,78931491,1
1028821,65092747,1
2624671,17339432,1
2624671,31593714,5
2624671,4471023,1
13881722,18403880,4
14155699,16661678,2
14495000,42639163,1
15634629,13161690,1
15693198,34772718,1
15978244,57523310,1
16001836,77995928,1
16086887,13161690,1
16160388,34772668,2
16438552,64775279,1
16544870,17339432,1
16544870,77995928,1
16999879,34772668,1
17029976,79705984,1
17103716,18403880,1
17103716,64775279,1
17178462,18403880,1
17280456,77995928,1
17366875,79705984,1
17487307,17339432,6
17487307,16661678,10
17919961,23380270,1
17919961,1692897,1
17999870,17339432,2
17999870,18403880,1
18055751,18403880,4
18055751,41665745,2
18082019,31593714,2
18130043,77995928,1
21804564,8928589,1
21897419,17339432,1
21905254,31593714,2
21905254,64389555,2
21953631,4471023,2
21984990,17339432,1
21993326,41665745,1
22201850,34772718,1
22541202,18403880,1
22563793,57523310,2
22675397,77995928,1
22685199,18403880,1
22685199,79705984,1
22906493,50749199,1
23290056,13161690,1
23290056,57523310,2
23290056,34772668,2
23370218,16661678,1
23716675,17339432,1
23716675,64775279,4
23716675,36648032,1
23716675,57523310,4
23817205,18403880,3
23859625,18403880,2
23859625,63945955,2
23859625,16661678,6
23998777,18403880,3
24289442,34772718,6
24721197,18403880,4
24732298,18403880,1
24852046,8928589,1
24877945,18403880,2
24877945,65092747,3
24898150,17339432,1
24959565,34772718,1
24959565,17339432,2
25034034,18403880,2
25365450,17339432,7
25365450,13161690,4
25365450,34772668,1
25597648,31593714,4
25597648,1692897,4
25685456,18403880,1
25827916,64775279,2
25827916,77995928,1
25827916,64389555,2
25847392,50749199,1
25847392,1692897,1
29296415,78931491,2
29296415,4471023,2
29372163,34772718,2
29372163,4471023,2
29572572,7515915,1
29572572,34772668,3
29582233,17339432,1
29582233,16661678,5
29582233,34772668,1
29693692,41665745,1
29749385,64775279,2
29749385,57523310,2
29919136,17339432,1
29971681,68987028,2
30168593,23380270,2
30776302,83433136,1
30776302,17339432,1
30911602,13161690,1
31149963,64775279,2
31448502,64389555,1
31583139,78931491,1
31823736,8928589,2
31823736,13161690,2
32168147,16661678,5
32462900,18403880,3
32608364,64775279,1
32617098,23380270,1
32806610,1692897,1
32811415,78931491,1
33069732,77995928,1
33069732,34772668,1
33239125,77995928,1
33787309,41665745,1
33840855,74058035,1
33852153,42639163,1
34032096,63945955,2
1028821,74058035,1
1028821,78931491,1
1028821,65092747,1
2129271,17339432,2
2624671,17339432,1
2624671,31593714,5
2624671,4471023,1
8933592,17339432,1
8933592,41665745,2
8933592,57523310,2
9547922,17339432,1
14155699,16661678,2
14278125,79705984,1
14361225,4471023,3
14528400,17339432,1
14528400,64775279,1
14528400,63945955,1
14926874,42639163,1
14994739,65169278,1
15052516,16661678,3
15052516,34772668,2
15084653,79705984,1
15964987,65169278,1
15978244,57523310,1
16086887,13161690,1
16226615,65169278,1
16254006,42639163,1
16297263,65169278,1
16471786,31593714,1
16670111,17339432,4
16670111,65092747,4
16839381,78931491,2
16839381,4471023,2
16846141,83433136,2
16846141,31593714,2
16846141,79705984,1
16846141,34772668,1
16893157,31593714,1
18823254,36648032,5
18823254,23380270,2
18823254,65169278,2
18823254,13161690,1
18872808,17339432,2
18896568,17339432,2
18896568,78931491,1
18896568,57523310,2
18950327,31593714,2
18997141,17339432,1
19013908,64775279,1
19141232,65169278,4
19205606,17339432,1
19224185,31593714,1
19548896,65169278,1
19754678,16661678,1
19821429,64389555,1
19834114,17339432,1
19834114,13161690,1
19943644,64775279,1
19943644,13161690,1
20139555,23380270,2
20139555,57523310,2
20414182,65169278,1
20526414,79705984,1
20651285,17339432,1
20651285,64775279,1
20651285,23380270,1
20651285,68987028,1
20651285,57523310,1
20904394,65169278,1
20944041,65092747,1
20944041,68987028,2
20944041,8928589,2
20956362,57523310,1
20985556,34772668,1
21034296,68987028,4
21050211,65169278,1
21152496,64775279,1
21380246,83433136,1
21538010,79705984,2
23514062,65169278,1
23559254,17339432,1
23725283,68987028,1
23859625,18403880,2
23859625,63945955,2
23859625,16661678,6
23975724,16661678,1
24019499,17339432,1
24029195,79705984,1
24289442,34772718,6
24428582,64389555,1
24710350,16661678,1
24852046,8928589,1
24898150,17339432,1
25028002,83433136,1
25193002,17339432,2
25193002,23380270,2
25193002,57523310,1
25200327,65092747,1
25200327,65169278,1
25365450,17339432,7
25365450,13161690,4
25365450,34772668,1
25474312,41665745,1
25553638,17339432,2
25553638,57523310,1
25607975,79705984,1
25631451,7515915,1
25773904,31593714,1
25846121,57523310,2
25888777,65092747,1
26075863,57523310,2
26282857,13161690,1
26368432,79705984,1
755795,31593714,1
872211,36648032,3
872211,1692897,1
1028821,18403880,1
1028821,74058035,1
1028821,78931491,1
1028821,65092747,1
2624671,17339432,1
2624671,31593714,5
2624671,4471023,1
6945462,42639163,1
9547922,17339432,1
13881722,18403880,4
14155699,16661678,2
14204677,36648032,1
14231945,17339432,1
14231945,57523310,1
14926874,42639163,1
15091281,34772718,1
15097566,64389555,1
15111886,17339432,1
15111886,23380270,1
15111886,8928589,1
15111886,81039484,2
15111886,42639163,2
15198539,79705984,1
15403495,36648032,2
15403495,16661678,2
15978244,57523310,1
16086887,13161690,1
16125736,34772668,1
16441737,31593714,1
16471605,77995928,1
16491683,36648032,1
16670111,17339432,4
16670111,65092747,5
16801304,36648032,1
16911524,36648032,1
17145877,36648032,4
17145877,57523310,2
17233224,36648032,1
20651285,17339432,1
20651285,64775279,1
20651285,68987028,1
20651285,57523310,1
20753722,36648032,2
20944041,65092747,1
20944041,68987028,2
20944041,8928589,2
21152496,64775279,1
21176796,36648032,3
21176796,65169278,2
21341722,18403880,3
21367492,42639163,2
21486438,36648032,1
21513226,1692897,1
21518068,36648032,1
21804564,8928589,1
21841580,79705984,1
21897419,17339432,1
21953631,4471023,3
21953631,34772668,1
22082398,17339432,1
22345419,42639163,1
22345419,78931491,1
22345419,34772668,1
22345419,17339432,1
22431862,36648032,1
22547326,36648032,2
22634347,36648032,2
22634347,68987028,2
22634698,17339432,1
22634698,1692897,1
22906493,50749199,1
23749321,17339432,1
23947724,36648032,2
24072779,36648032,1
24289442,34772718,6
24422246,77995928,1
24623041,36648032,1
24852046,8928589,1
24898150,17339432,1
25230082,16284466,1
27988367,17339432,3
27988367,65092747,2
28174604,78931491,4
28174604,57523310,6
28184095,79705984,1
28238715,34772668,3
28290918,17339432,1
28324031,41665745,1
28752024,79705984,1
28806168,36648032,1
29115840,64775279,1
29466300,36648032,1
29576977,31593714,1
29795855,34772718,1
29888337,36648032,1
29971681,68987028,2
29971681,13161690,2
30071231,65092747,1
30208711,36648032,1
30911602,13161690,1
30941484,7515915,1
30941484,68987028,2
31051192,79705984,4
31448502,64389555,1
31648584,34772668,2
31663508,74058035,1
31663508,23380270,1
31674279,78931491,1
31894413,34772718,1
31894413,36648032,1
32270629,36648032,1
32270629,63945955,1
32438604,57523310,1
32608364,64775279,1
32730544,16284466,1
32806610,1692897,1
1028821,18403880,1
1028821,74058035,1
1028821,78931491,1
1028821,65092747,1
2624671,17339432,1
2624671,31593714,5
2624671,4471023,1
8933592,17339432,1
8933592,41665745,2
8933592,57523310,2
9547922,17339432,1
14074540,23380270,2
14074540,65092747,2
14155699,16661678,2
14231945,17339432,1
14231945,57523310,1
14483292,34772718,1
14483292,23380270,2
14483292,79705984,1
14529729,23380270,1
14561480,13161690,1
14857214,83433136,2
15136431,17339432,1
15634629,13161690,1
15978244,57523310,1
16244007,23380270,1
16544870,17339432,1
16544870,77995928,1
16670111,17339432,4
16670111,65092747,5
17487307,17339432,6
17487307,16661678,10
17580388,64389555,1
17700091,16661678,1
17722477,34772668,1
17826933,4471023,1
17949143,23380270,5
17997566,64775279,7
17997566,63945955,2
18130043,77995928,1
18164683,23380270,1
18206975,16284466,1
18206975,1692897,3
18206975,7515915,2
18537918,16284466,1
22132190,23380270,1
22201850,34772718,1
22226348,23380270,2
22563793,57523310,2
22675397,77995928,1
23290056,13161690,1
23290056,57523310,2
23290056,34772668,2
23581598,34772718,1
23843043,57523310,1
23975724,16661678,1
24270878,23380270,3
24289442,34772718,6
24428582,64389555,1
24439637,23380270,1
24825227,23380270,1
24852046,8928589,1
24898150,17339432,1
25085913,23380270,2
25264590,68987028,1
25474312,41665745,1
25597648,31593714,4
25597648,1692897,4
25631451,7515915,1
25836783,34772718,1
25836783,57523310,1
25836783,17339432,1
25846121,57523310,2
26070284,4471023,1
26270348,79705984,1
26282857,13161690,1
26399326,42639163,1
26501487,17339432,4
26501487,13161690,2
26511322,23380270,2
26511322,57523310,2
26530052,34772718,1
26599366,77995928,1
26600664,17339432,2
26600664,65092747,1
26600664,13161690,1
30862314,16661678,1
30911602,13161690,1
31337537,63945955,1
31448502,64389555,1
31561029,17339432,2
31561029,23380270,4
32438604,57523310,1
32554449,17339432,1
32608364,64775279,1
32806610,1692897,1
32806610,57523310,1
32997107,41665745,1
33150531,4471023,1
33239125,77995928,1
33840855,17339432,1
33840855,64775279,1
33840855,74058035,1
33852153,42639163,1
34032096,63945955,2
34066916,64775279,3
34276334,17339432,2
34276334,64389555,1
34276334,31593714,1
34276334,42639163,1
34420307,74058035,1
34706090,18403880,1
34830144,79705984,2
34833792,34772668,2
34938484,7515915,2
34938484,1692897,2
34974133,4471023,1
35204693,68987028,1
35404269,13161690,9
35404269,8928589,6
35404269,64389555,3
35665012,74058035,1
35665012,78931491,1
35665012,13161690,1
35819299,31593714,1
35852990,23380270,1
36187864,17339432,2
36187864,57523310,5
36187864,34772668,2
1329371,17339432,1
2728901,8928589,1
4899991,17339432,3
4899991,13161690,2
5439912,78931491,2
5439912,57523310,2
6775342,17339432,1
7301972,17339432,1
7576322,17339432,1
7717422,79705984,1
7753362,78931491,1
7753362,57523310,1
8200382,17339432,1
8229182,17339432,1
8229182,34772718,1
8607332,17339432,1
8959872,83433136,1
9547922,17339432,1
10772812,17339432,5
10772812,34772668,2
10772812,42639163,2
11034512,17339432,2
11107172,17339432,1
11591912,17339432,1
11591912,4471023,2
11591912,57523310,1
11591912,7515915,2
12652472,34772668,2
12652472,16661678,3
12652472,4471023,1
13335422,17339432,1
13335422,57523310,1
13420372,57523310,1
14097152,17339432,1
14097152,13161690,1
14153106,17339432,2
14231945,17339432,1
14231945,57523310,1
14355443,17339432,1
14355443,64775279,1
14469657,17339432,4
14469657,57523310,2
14469657,7515915,2
14482348,17339432,3
14654567,17339432,1
14679784,17339432,1
14715516,17339432,2
14789067,17339432,1
14799151,57523310,1
14808309,65092747,1
14808309,57523310,2
14841721,17339432,2
14841721,34772668,2
14850785,64389555,1
16444520,17339432,1
16444520,13161690,1
16455523,31593714,1
16455523,34772668,1
16508615,79705984,1
16549835,57523310,2
16797022,17339432,1
16810118,77995928,1
16887601,17339432,2
16887601,23380270,2
17049927,1692897,2
17396212,17339432,1
17396212,57523310,1
17430547,64775279,2
17430547,57523310,2
17537341,31593714,1
17538967,68987028,1
17570150,57523310,1
17590861,17339432,1
17607089,64775279,1
17700091,16661678,1
17847691,17339432,1
17873491,68987028,1
17876359,34772718,1
17876359,65092747,1
17876359,17339432,1
17997566,64775279,7
17997566,63945955,2
18103957,65092747,1
18143900,17339432,1
18179754,17339432,2
18179754,65092747,2
18179754,57523310,1
18217602,23380270,1
18383994,64775279,1
18402924,17339432,1
18459617,17339432,6
18459617,13161690,4
18471644,17339432,1
18501363,17339432,1
18660580,16661678,1
18753724,57523310,1
19084111,77995928,1
19297213,34772668,1
21497465,17339432,5
21497465,13161690,2
21583337,17339432,1
21599421,34772668,1
21619913,1692897,1
21619913,34772668,1
21734224,17339432,1
21796817,17339432,2
21796817,13161690,2
21854917,13161690,1
21932454,57523310,1
21985893,34772668,1
21985893,64389555,1
22049112,77995928,1
22049112,78931491,2
22049112,1692897,9
22049112,13161690,1
22201850,34772718,1
22309347,17339432,3
22309347,57523310,3
22410366,17339432,1
22456557,68987028,1
22504754,17339432,1
22515782,16284466,2
22515782,34772668,2
22545126,17339432,6
22545126,1692897,2
22545126,57523310,2
22563795,79705984,1
22675397,77995928,1
22699518,64775279,3
22699518,57523310,2
22726788,17339432,1
22999886,77995928,1
23111078,17339432,1
23141398,17339432,1
23179515,79705984,1
23228903,7515915,2
23228903,23380270,4
23281107,42639163,1
23287951,17339432,3
23287951,4471023,2
23297529,17339432,1
23328063,34772718,1
23445949,17339432,1
23542963,17339432,1
23542963,57523310,2
23542963,81039484,2
23544360,17339432,1
23599090,79705984,1
23638763,17339432,1
23675659,17339432,1
23730078,17339432,1
2624671,17339432,1
2624671,31593714,5
2624671,4471023,1
7572382,42639163,2
7572382,65092747,2
9547922,17339432,1
9572632,83433136,1
11797042,36648032,2
14155699,16661678,2
14231945,17339432,1
14231945,57523310,1
14361225,4471023,3
14540555,17339432,2
15908013,42639163,1
15978244,57523310,1
16086887,13161690,1
16274023,16284466,1
16274023,31593714,6
16274023,1692897,2
16274023,57523310,1
16810118,77995928,1
16958908,13161690,1
17053586,42639163,1
17235460,42639163,1
17271015,50749199,2
17271015,41665745,2
17580388,64389555,1
17919961,23380270,1
17919961,1692897,1
18130043,77995928,1
18227633,17339432,1
18537918,16284466,1
18697471,68987028,1
18697471,13161690,1
18794634,34772668,1
18950327,31593714,2
19053052,78931491,1
22359455,17339432,1
22447136,34772718,1
22447136,13161690,1
22521201,78931491,1
22521201,57523310,1
22551425,78931491,1
22666057,34772668,1
22675397,77995928,1
22864702,17339432,1
22886615,78931491,2
22886615,34772668,2
23290056,13161690,1
23290056,57523310,2
23290056,34772668,2
23327397,78931491,1
23370218,16661678,1
23581598,34772718,1
23716675,17339432,1
23716675,64775279,4
23716675,36648032,1
23716675,57523310,4
23975724,16661678,1
24101929,78931491,1
24289442,34772718,6
24852046,8928589,1
24898150,17339432,1
24912602,64775279,3
24912602,57523310,2
25026095,78931491,1
25139743,78931491,4
25139743,57523310,2
25253426,34772718,2
25365450,17339432,6
25365450,13161690,4
25365450,34772668,1
25377758,18403880,2
25377758,13161690,3
25597648,31593714,4
25597648,1692897,6
26282857,13161690,1
26399326,42639163,1
26426634,77995928,1
29207365,79705984,1
29296415,78931491,2
29296415,4471023,2
29572572,7515915,1
29572572,34772668,3
29735713,57523310,1
30164977,57523310,1
30187869,34772718,3
30187869,16661678,5
30240389,8928589,1
30506590,78931491,2
30662494,34772668,1
30895582,31593714,1
30911602,13161690,1
30935293,78931491,2
30935293,4471023,2
30937590,17339432,1
30941484,7515915,1
30941484,68987028,2
30988405,74058035,1
31161814,18403880,1
31448502,64389555,1
31763730,77995928,1
32438604,57523310,1
32608364,64775279,1
32806610,1692897,1
32806610,57523310,1
32811415,78931491,1
32997107,41665745,1
33063842,17339432,4
33063842,13161690,2
33063842,4471023,1
33239125,77995928,1
33432573,57523310,1
33840855,17339432,1
33840855,64775279,1
33852153,42639163,1
34032096,63945955,2
